"","29-B1","30-B1","31-B2","32-B3","33-B1","34-B1","35-B2","36-B3","37-B1","38-B2","39-B3","40-B1","41-B2","42-B3","44-B2","45-B3","46-B1","47-B2","48-B3","49-B1","50-B2","52-B1","53-B2","54-B3"
"29-B1",0,0.737209865884772,0.78472324099905,0.743124180078331,0.824171184301313,0.733975517611169,0.768462833233186,0.757017669775926,0.752021055226529,0.703697794168616,0.775350730290399,0.748599198928512,0.750157204601136,0.723479980497062,0.673905472353595,0.742731663968591,0.738243818748674,0.726408225030998,0.611944070910463,0.683703138899822,0.671379036449743,0.683174176509653,0.670085965402691,0.700774611106947
"30-B1",0.737209865884772,0,0.729718531504678,0.600205440808064,0.760999355040702,0.897907422578677,0.620269731771769,0.723057063367078,0.64142632656411,0.547816798345243,0.589775804392682,0.702870372779612,0.726564583299866,0.717531016893214,0.644519956578164,0.776659730012098,0.833293518963427,0.853179715648071,0.662502715146448,0.622989134671385,0.623956431709229,0.7186689624812,0.61855452950954,0.800462742673254
"31-B2",0.78472324099905,0.729718531504678,0,0.719625795148918,0.798757886506966,0.908243408328338,0.720296955146497,0.72487337006172,0.734439595861785,0.710306814924318,0.723668630523227,0.816179534640408,0.655978296335299,0.721959659882613,0.756709110318143,0.790146897657448,0.884601432980069,0.852802251007591,0.701945750171041,0.72596376753959,0.737151175577717,0.782672949583701,0.712982982259207,0.810518683071532
"32-B3",0.743124180078331,0.600205440808064,0.719625795148918,0,0.780326606435658,0.888163904295717,0.746171559048437,0.66499918532698,0.667140544223304,0.556292641026932,0.615798249469027,0.714102158453742,0.744517701592173,0.710960953426548,0.723346918840953,0.713674163777674,0.855215763153428,0.848184640618404,0.669833206167137,0.64728628874167,0.68156748418808,0.756209646010787,0.784991918058078,0.822060055197895
"33-B1",0.824171184301313,0.760999355040702,0.798757886506966,0.780326606435658,0,0.756664331590003,0.721263144103985,0.792787935657181,0.786776575267505,0.759895397393957,0.813128255261581,0.672565945336219,0.779989828530483,0.744370203739705,0.667044539523261,0.702826239064862,0.855755570597336,0.774342743197851,0.803956390133207,0.776952111520906,0.824287456351434,0.733947749511885,0.647478807340857,0.825281349928829
"34-B1",0.733975517611169,0.897907422578677,0.908243408328338,0.888163904295717,0.756664331590003,0,0.849277613143631,0.865018478315186,0.872842066885686,0.887086757844204,0.912800720487596,0.761130569864492,0.873175918385454,0.828335396313373,0.78293346453545,0.860337844224382,0.771912592741232,0.529917438908244,0.856032331217985,0.87015316467641,0.871324637938559,0.759816744578268,0.834598237840615,0.725228231371595
"35-B2",0.768462833233186,0.620269731771769,0.720296955146497,0.746171559048437,0.721263144103985,0.849277613143631,0,0.692304732807254,0.675841786501747,0.630090157320311,0.654271759678318,0.691221106394633,0.686790130472755,0.72717313602286,0.734530869427321,0.708651109647514,0.806489131992707,0.8199219692919,0.673067893752055,0.640873912373454,0.675642515370371,0.617461950718745,0.591304963068003,0.748841143030813
"36-B3",0.757017669775926,0.723057063367078,0.72487337006172,0.66499918532698,0.792787935657181,0.865018478315186,0.692304732807254,0,0.63036469380111,0.556311565482838,0.5887094898841,0.754805518091354,0.744069678724634,0.669722569725209,0.791578001778218,0.709899972950439,0.782339043125661,0.812979701244271,0.687133945765516,0.606854345056126,0.794361072988008,0.658638270675795,0.746817061448511,0.845156152039613
"37-B1",0.752021055226529,0.64142632656411,0.734439595861785,0.667140544223304,0.786776575267505,0.872842066885686,0.675841786501747,0.63036469380111,0,0.462658763075392,0.412511559964472,0.780828891291553,0.60639145907281,0.656373702337113,0.810627659516106,0.756419838434015,0.763858875027689,0.795086193727513,0.575175262222929,0.525509491224659,0.650331755131662,0.688991130957462,0.696012303298786,0.820619508661987
"38-B2",0.703697794168616,0.547816798345243,0.710306814924318,0.556292641026932,0.759895397393957,0.887086757844204,0.630090157320311,0.556311565482838,0.462658763075392,0,0.367775810069229,0.730953324154896,0.663391775683089,0.701069137347203,0.75655342120016,0.704163742624274,0.782717684055318,0.865011959766186,0.58743033552862,0.447329691157725,0.60967972870191,0.64597565286079,0.64344143497531,0.842811263223371
"39-B3",0.775350730290399,0.589775804392682,0.723668630523227,0.615798249469027,0.813128255261581,0.912800720487596,0.654271759678318,0.5887094898841,0.412511559964472,0.367775810069229,0,0.740048305169876,0.688555649832424,0.71046671640339,0.798522651528624,0.702168651621718,0.829767755187217,0.864413908950808,0.596244306411155,0.560086797809364,0.701928979834649,0.714784371436128,0.695640101968853,0.848147441291023
"40-B1",0.748599198928512,0.702870372779612,0.816179534640408,0.714102158453742,0.672565945336219,0.761130569864492,0.691221106394633,0.754805518091354,0.780828891291553,0.730953324154896,0.740048305169876,0,0.78527622742915,0.753075028000376,0.582260239369589,0.641010003418154,0.801030950522986,0.684107129158098,0.703338559025465,0.74673489388524,0.800641049312899,0.676215639810296,0.726826783124609,0.724258473209791
"41-B2",0.750157204601136,0.726564583299866,0.655978296335299,0.744517701592173,0.779989828530483,0.873175918385454,0.686790130472755,0.744069678724634,0.60639145907281,0.663391775683089,0.688555649832424,0.78527622742915,0,0.549489613898685,0.788103492461683,0.803986449894467,0.856928579598849,0.787474878184285,0.67278714412024,0.603536776142724,0.658736750567196,0.760890740672092,0.721440637207958,0.795645935888665
"42-B3",0.723479980497062,0.717531016893214,0.721959659882613,0.710960953426548,0.744370203739705,0.828335396313373,0.72717313602286,0.669722569725209,0.656373702337113,0.701069137347203,0.71046671640339,0.753075028000376,0.549489613898685,0,0.787169899048535,0.750279860329672,0.879734980154131,0.722532491129303,0.651819280004749,0.693460037485307,0.723552075236562,0.693683297050049,0.749419229520441,0.788584356329056
"44-B2",0.673905472353595,0.644519956578164,0.756709110318143,0.723346918840953,0.667044539523261,0.78293346453545,0.734530869427321,0.791578001778218,0.810627659516106,0.75655342120016,0.798522651528624,0.582260239369589,0.788103492461683,0.787169899048535,0,0.677294225892954,0.837010764434595,0.6893032729694,0.679303407870088,0.770861073212824,0.700616996470045,0.699358588401903,0.657094262575843,0.722407643721445
"45-B3",0.742731663968591,0.776659730012098,0.790146897657448,0.713674163777674,0.702826239064862,0.860337844224382,0.708651109647514,0.709899972950439,0.756419838434015,0.704163742624274,0.702168651621718,0.641010003418154,0.803986449894467,0.750279860329672,0.677294225892954,0,0.834097591314947,0.830359354096299,0.72790958773267,0.70298932954795,0.760193897430656,0.74332014516431,0.700445610980544,0.769087136543181
"46-B1",0.738243818748674,0.833293518963427,0.884601432980069,0.855215763153428,0.855755570597336,0.771912592741232,0.806489131992707,0.782339043125661,0.763858875027689,0.782717684055318,0.829767755187217,0.801030950522986,0.856928579598849,0.879734980154131,0.837010764434595,0.834097591314947,0,0.815087007436835,0.722696884949804,0.702607699408844,0.811671555543158,0.721132380389539,0.780385135630138,0.797955665539873
"47-B2",0.726408225030998,0.853179715648071,0.852802251007591,0.848184640618404,0.774342743197851,0.529917438908244,0.8199219692919,0.812979701244271,0.795086193727513,0.865011959766186,0.864413908950808,0.684107129158098,0.787474878184285,0.722532491129303,0.6893032729694,0.830359354096299,0.815087007436835,0,0.807245494903838,0.830902720654553,0.810638647018787,0.76349276991661,0.832054927201822,0.664957762956115
"48-B3",0.611944070910463,0.662502715146448,0.701945750171041,0.669833206167137,0.803956390133207,0.856032331217985,0.673067893752055,0.687133945765516,0.575175262222929,0.58743033552862,0.596244306411155,0.703338559025465,0.67278714412024,0.651819280004749,0.679303407870088,0.72790958773267,0.722696884949804,0.807245494903838,0,0.588108444598494,0.668757213194831,0.665478455867565,0.673390899460777,0.772570792705204
"49-B1",0.683703138899822,0.622989134671385,0.72596376753959,0.64728628874167,0.776952111520906,0.87015316467641,0.640873912373454,0.606854345056126,0.525509491224659,0.447329691157725,0.560086797809364,0.74673489388524,0.603536776142724,0.693460037485307,0.770861073212824,0.70298932954795,0.702607699408844,0.830902720654553,0.588108444598494,0,0.579652098377303,0.725650908691724,0.676720963305221,0.814022204119591
"50-B2",0.671379036449743,0.623956431709229,0.737151175577717,0.68156748418808,0.824287456351434,0.871324637938559,0.675642515370371,0.794361072988008,0.650331755131662,0.60967972870191,0.701928979834649,0.800641049312899,0.658736750567196,0.723552075236562,0.700616996470045,0.760193897430656,0.811671555543158,0.810638647018787,0.668757213194831,0.579652098377303,0,0.768753774070779,0.641511910155814,0.759000071324346
"52-B1",0.683174176509653,0.7186689624812,0.782672949583701,0.756209646010787,0.733947749511885,0.759816744578268,0.617461950718745,0.658638270675795,0.688991130957462,0.64597565286079,0.714784371436128,0.676215639810296,0.760890740672092,0.693683297050049,0.699358588401903,0.74332014516431,0.721132380389539,0.76349276991661,0.665478455867565,0.725650908691724,0.768753774070779,0,0.661868465425594,0.829192323135819
"53-B2",0.670085965402691,0.61855452950954,0.712982982259207,0.784991918058078,0.647478807340857,0.834598237840615,0.591304963068003,0.746817061448511,0.696012303298786,0.64344143497531,0.695640101968853,0.726826783124609,0.721440637207958,0.749419229520441,0.657094262575843,0.700445610980544,0.780385135630138,0.832054927201822,0.673390899460777,0.676720963305221,0.641511910155814,0.661868465425594,0,0.77037262428066
"54-B3",0.700774611106947,0.800462742673254,0.810518683071532,0.822060055197895,0.825281349928829,0.725228231371595,0.748841143030813,0.845156152039613,0.820619508661987,0.842811263223371,0.848147441291023,0.724258473209791,0.795645935888665,0.788584356329056,0.722407643721445,0.769087136543181,0.797955665539873,0.664957762956115,0.772570792705204,0.814022204119591,0.759000071324346,0.829192323135819,0.77037262428066,0
